0 

0 1 

0 1 2 

2 0 1 3 

2 0 1 3 4 

1 3 0 2 4 5 

5 1 2 3 4 6 0 

1 0 2 5 3 4 6 7 

5 4 6 7 8 1 0 2 3 

0 1 6 2 5 7 3 4 8 9 

5 1 6 0 2 3 4 8 9 7 10 

9 10 11 8 0 1 2 3 6 4 5 7 

7 3 5 9 10 8 11 6 4 0 2 12 1 

3 0 1 4 12 5 2 6 9 7 8 10 13 11 

5 6 12 13 0 11 7 2 9 8 1 14 3 4 10 

1 11 5 2 8 3 9 4 6 7 10 12 13 14 15 0 

6 11 14 3 7 12 8 13 4 9 10 5 15 1 16 2 0 

7 6 9 16 17 14 13 0 15 1 2 11 3 4 5 8 10 12 

12 15 3 16 14 11 2 13 6 7 4 17 5 1 18 8 0 9 10 

13 4 8 2 11 5 1 12 0 3 9 10 14 6 7 15 16 17 18 19 

15 12 13 7 3 8 9 5 11 16 14 1 17 18 2 4 6 19 20 0 10 

5 8 11 4 12 0 9 6 3 1 14 13 10 15 2 16 17 18 20 19 7 21 

6 7 0 18 19 17 11 14 20 21 15 22 16 3 4 1 2 12 5 8 9 10 13 

8 22 23 16 0 15 10 9 21 17 19 6 11 7 12 1 18 5 13 2 20 14 3 4 

23 19 14 18 3 1 10 16 13 11 15 17 20 5 8 21 6 24 7 22 0 2 9 4 12 

8 16 0 3 4 14 18 11 1 13 23 12 24 5 19 15 2 6 7 21 9 10 20 17 22 25 

17 4 24 14 25 16 22 18 20 19 23 8 2 6 21 26 0 7 9 12 10 11 1 13 15 3 5 

11 12 23 7 21 5 3 4 6 26 8 19 20 13 22 14 0 15 9 16 24 2 17 18 27 25 1 10 

14 15 27 0 28 22 6 13 19 16 7 8 20 21 9 23 12 10 1 24 25 26 2 11 17 18 3 4 5 

6 26 4 3 17 11 22 20 25 19 21 2 5 8 14 18 23 7 24 16 27 15 9 10 28 29 12 0 1 13 

16 23 17 20 21 28 10 18 19 1 11 13 26 22 6 12 14 24 3 15 29 25 27 30 0 2 4 5 7 8 9 

4 23 7 13 6 5 9 0 8 14 18 27 30 15 12 11 16 10 24 25 17 19 20 21 28 22 26 29 31 1 2 3 

13 9 8 6 12 25 10 21 27 22 11 26 1 2 24 3 14 4 28 17 5 19 7 29 23 15 30 16 18 20 0 31 32 

19 4 30 7 18 12 3 9 17 13 27 6 11 20 8 24 10 5 14 0 31 21 15 26 16 22 32 28 23 33 25 29 1 2 

29 12 26 13 24 9 15 8 0 23 25 7 30 31 32 22 1 6 28 2 3 20 11 14 33 16 4 34 5 17 18 21 10 19 27 

29 30 7 22 3 10 24 15 27 31 11 13 21 25 1 17 9 26 8 16 18 20 32 4 28 23 12 33 34 2 0 35 5 14 6 19 

27 0 28 5 22 2 30 15 16 31 24 23 7 32 34 29 33 1 9 17 14 11 35 25 36 10 3 13 4 12 18 19 8 6 20 21 26 

6 33 35 36 8 11 31 23 5 28 37 24 32 34 20 9 15 7 0 1 10 2 3 4 25 12 13 14 16 17 30 29 18 19 21 22 26 27 

26 17 14 5 15 9 31 0 27 32 11 6 30 33 20 16 35 28 18 29 19 36 23 37 24 34 25 38 1 2 21 3 4 7 8 10 12 13 22 

11 14 35 17 19 28 33 24 38 36 21 37 4 34 1 5 18 31 32 39 22 16 2 3 0 20 6 23 7 25 8 26 27 9 10 29 30 12 13 15 

38 17 1 37 10 19 18 14 32 11 24 16 20 29 22 9 21 23 13 31 0 5 2 35 39 6 3 25 15 36 7 4 26 40 8 27 28 30 33 12 34 

8 2 23 37 21 9 3 27 20 15 40 31 22 34 24 25 16 26 28 29 19 17 6 10 35 30 32 18 33 36 38 39 41 1 0 4 5 7 11 12 13 14 

34 16 2 38 33 14 19 18 6 1 3 29 28 12 39 30 22 17 21 4 23 7 0 26 31 20 13 32 24 8 25 27 35 11 5 36 37 40 15 9 41 10 42 

20 32 33 13 9 0 23 38 14 4 15 34 40 35 25 36 2 12 16 17 26 3 27 30 22 42 37 41 5 43 18 1 19 10 28 39 11 21 8 24 6 7 29 31 

31 13 16 10 20 12 7 30 14 15 34 37 11 0 32 33 21 27 22 4 1 35 36 38 8 3 2 17 39 40 41 18 28 9 42 19 43 23 44 5 6 24 25 26 29 

36 7 43 35 32 37 38 8 1 39 44 21 42 18 9 19 10 33 40 34 11 16 12 25 28 41 45 22 20 0 17 2 30 26 23 27 13 29 24 4 3 5 14 31 6 15 

4 18 19 20 8 1 36 7 25 11 39 6 28 29 23 37 9 44 21 30 31 2 17 22 32 43 34 10 24 26 33 0 27 35 45 3 5 38 12 40 41 42 46 13 14 15 16 

38 33 15 24 9 45 39 1 40 23 43 8 17 42 25 44 11 12 41 5 46 31 18 14 28 47 32 20 3 0 13 26 30 10 27 2 29 34 36 6 35 37 16 4 19 21 22 7 

30 26 13 15 22 47 27 28 16 29 14 48 18 45 2 38 20 0 23 25 17 8 9 31 19 40 39 32 21 3 24 33 34 7 35 36 4 41 1 37 5 46 42 43 44 6 10 11 12 

6 9 10 43 26 16 17 12 33 31 23 38 30 42 7 8 24 34 4 37 32 11 13 1 41 35 40 46 14 47 29 44 15 25 36 18 45 48 20 2 49 19 39 3 0 5 21 22 27 28 

45 29 31 47 17 46 9 30 25 34 10 49 8 48 33 32 42 35 36 43 27 6 5 7 38 11 26 14 21 41 4 18 37 16 15 28 44 2 22 20 39 40 1 23 24 3 12 50 0 13 19 

29 23 12 19 46 10 18 39 5 49 9 45 20 34 1 14 22 35 27 11 26 50 13 24 7 31 0 47 21 37 38 25 15 30 16 48 32 3 28 33 8 17 41 36 40 42 43 51 44 2 4 6 

41 48 17 18 25 9 12 31 6 34 14 35 8 10 28 5 29 32 4 43 44 27 11 49 33 15 30 45 7 26 50 2 46 37 51 36 24 38 39 1 13 3 16 40 42 19 20 21 22 47 23 52 0 

50 31 26 4 38 44 45 42 33 23 22 9 1 35 15 2 32 43 16 40 3 17 36 34 18 27 46 6 30 19 24 37 29 14 12 39 48 41 25 8 20 51 28 49 10 47 52 21 53 0 5 7 11 13 

42 1 46 9 41 2 26 29 3 25 44 22 45 16 30 18 48 27 23 17 31 49 47 33 39 10 21 50 5 4 6 19 15 24 53 0 20 7 43 11 28 36 8 12 32 34 35 13 37 51 40 52 38 14 54 

37 41 3 17 29 44 34 16 22 39 0 5 45 15 21 4 8 12 30 6 23 18 9 24 49 42 50 46 7 19 31 1 25 32 13 35 36 2 10 38 27 20 26 28 43 54 11 33 14 40 47 48 51 52 53 55 

1 30 50 22 41 52 2 42 49 4 25 27 12 48 13 31 14 53 18 44 51 32 5 54 8 34 43 40 35 45 24 36 37 38 23 29 26 6 55 15 7 56 39 33 20 28 9 46 47 0 3 10 11 16 17 19 21 

31 20 53 49 9 30 18 5 4 3 14 38 42 6 27 0 1 54 41 35 19 17 23 2 50 25 13 7 32 8 43 44 11 21 26 16 10 33 12 28 56 45 46 15 39 24 22 55 57 29 34 47 48 36 37 40 51 52 

7 34 5 32 20 43 44 28 3 51 4 22 23 37 45 30 46 6 38 39 40 8 42 47 29 36 24 9 41 48 57 25 52 26 49 50 18 27 53 21 33 31 12 0 2 13 35 56 54 55 58 1 10 11 14 15 16 17 19 

1 30 40 6 52 21 7 39 45 55 11 8 58 37 9 56 53 0 18 12 42 24 19 27 4 3 28 46 54 16 2 31 10 36 23 13 44 22 17 41 43 29 32 33 14 5 15 20 57 49 25 34 59 26 35 38 47 48 50 51 

17 58 12 2 55 49 57 8 23 37 24 38 13 36 39 41 50 25 59 29 40 42 56 31 35 10 43 9 21 60 11 22 32 0 28 14 45 33 20 1 4 52 44 15 16 53 3 46 30 26 18 54 19 47 5 27 48 34 51 6 7 

22 25 57 17 26 55 50 54 41 5 35 18 37 36 47 11 48 30 1 21 52 42 4 23 15 32 60 44 24 16 12 58 14 38 39 31 61 56 13 19 59 33 20 27 40 10 49 28 34 9 29 43 45 46 51 53 0 2 3 6 7 8 

35 56 15 43 19 36 37 2 33 51 44 61 50 5 8 34 30 57 24 27 62 4 28 55 9 39 14 45 38 13 31 10 54 16 17 40 58 18 11 59 46 23 52 48 47 12 41 20 21 53 22 42 49 60 0 25 1 3 26 6 29 7 32 

39 24 62 34 49 41 4 13 17 58 10 35 5 6 60 28 1 61 38 42 59 43 2 7 53 54 8 14 40 50 55 56 36 44 51 52 57 19 45 20 11 9 63 0 33 46 37 47 3 12 48 15 16 18 21 22 23 29 25 26 27 30 31 32 

12 2 17 50 15 45 20 37 36 7 26 58 3 1 27 23 38 32 9 61 24 33 21 51 25 52 28 4 8 10 59 22 13 53 39 47 6 19 29 30 5 14 60 31 54 63 11 16 46 34 40 18 41 35 64 55 56 0 42 43 44 48 49 57 62 

17 51 49 14 18 4 6 33 57 41 43 15 8 63 5 21 50 58 31 13 59 19 1 9 62 42 7 16 25 44 20 60 2 3 22 39 45 10 32 64 38 61 52 26 23 29 11 46 47 56 36 40 24 48 27 65 34 35 0 53 54 12 28 30 55 37 

52 1 40 65 17 37 62 4 28 5 53 25 63 54 19 47 30 38 46 10 64 66 0 26 22 32 60 2 55 20 49 6 36 33 34 41 3 42 29 56 35 7 57 58 48 13 43 8 21 44 50 51 59 31 12 61 9 23 11 14 15 16 18 24 27 39 45 

43 37 3 59 19 20 64 62 35 17 25 56 63 58 50 11 36 26 44 12 32 15 46 54 24 57 51 22 65 52 13 42 27 60 61 53 55 23 45 66 14 38 2 16 5 21 28 29 30 67 0 40 39 47 41 4 31 48 1 6 18 7 33 49 8 34 9 10 

30 40 24 41 25 6 1 65 28 39 67 50 66 19 37 32 59 9 58 68 47 53 48 34 49 10 55 8 0 2 20 16 13 60 45 11 61 42 12 3 14 4 63 51 52 56 15 57 26 5 54 31 18 17 21 29 62 38 22 23 43 27 33 64 7 35 36 44 46 

50 14 19 51 7 58 22 3 45 2 23 30 13 4 62 52 64 65 47 5 37 54 44 55 6 11 48 56 43 63 24 35 36 16 8 31 25 12 15 38 9 26 10 46 17 39 61 0 18 33 40 20 21 27 28 57 66 29 32 34 53 59 41 42 49 60 67 68 69 1 

12 23 16 27 4 5 29 39 44 17 6 47 53 46 58 0 19 41 65 49 18 50 3 42 7 33 45 2 24 68 40 43 8 25 28 9 13 20 34 37 10 48 38 14 15 51 66 21 32 22 52 30 54 55 1 56 57 63 69 59 35 60 11 26 70 31 36 61 62 64 67 

13 62 66 60 16 61 70 8 26 59 9 52 47 56 54 68 10 32 58 49 48 31 69 71 63 64 34 7 19 14 57 51 65 67 11 4 21 53 0 22 35 50 23 28 17 18 45 24 33 1 25 29 36 20 27 30 37 38 39 40 41 42 43 12 44 46 55 15 2 3 5 6 

46 51 5 48 32 31 0 28 63 33 30 68 29 7 56 17 52 13 4 16 44 6 2 61 35 64 20 8 34 36 9 71 65 22 47 37 3 62 66 24 42 54 41 27 40 43 21 10 11 57 39 12 67 1 14 38 18 45 49 50 69 53 55 19 15 23 25 58 26 59 60 70 72 

61 48 0 18 37 16 15 1 29 51 70 28 62 3 14 68 22 8 23 24 7 2 69 4 63 66 27 38 19 41 64 17 5 20 30 71 67 6 65 72 9 31 21 46 53 73 25 54 10 39 11 60 12 13 26 32 33 55 50 34 40 35 36 42 43 44 45 47 49 52 56 57 58 59 

60 38 15 67 49 41 22 50 14 39 30 18 61 27 51 54 16 42 36 17 5 19 2 72 59 43 20 13 3 53 68 52 73 44 28 62 47 6 63 21 9 55 7 29 56 45 46 12 11 23 64 24 48 65 37 33 66 57 69 25 8 40 31 32 58 4 70 10 26 71 34 74 0 35 1 

1 22 66 17 53 33 12 14 59 70 54 46 4 5 34 16 58 40 55 48 63 64 50 47 72 49 56 30 18 52 15 65 35 41 10 19 57 3 9 0 60 20 31 51 21 71 61 23 26 62 32 2 67 39 73 74 6 68 24 69 7 11 75 8 42 13 36 29 25 27 28 37 38 43 44 45 

24 39 74 69 16 52 3 25 15 11 37 44 34 19 59 71 62 53 7 51 66 45 35 68 64 29 63 20 30 18 31 32 21 46 13 38 54 22 14 28 9 65 33 10 40 23 12 4 26 1 67 43 72 60 36 27 17 5 41 42 73 47 48 70 6 49 50 55 56 57 58 61 75 76 0 2 8 

72 74 37 44 6 25 20 53 5 11 50 54 58 34 51 9 17 67 59 57 4 47 30 31 52 55 38 24 39 8 56 35 29 75 40 18 15 19 73 64 62 76 60 32 61 41 63 23 65 66 10 36 68 69 7 2 0 13 46 21 43 77 22 26 33 71 1 42 27 12 28 45 14 48 3 16 49 70 

7 50 10 3 68 39 51 36 35 11 66 53 2 61 72 29 12 37 15 60 43 34 62 13 16 17 46 63 47 14 40 4 64 21 18 56 22 52 38 65 5 27 74 19 55 41 42 48 44 67 69 54 71 28 73 25 45 57 49 58 59 6 70 20 32 23 75 30 31 33 76 77 78 8 0 1 9 24 26 

9 72 58 64 46 4 20 35 11 52 73 44 18 77 45 68 33 75 24 12 3 36 21 50 2 47 78 37 61 41 51 74 54 55 5 42 38 79 39 22 26 76 65 23 60 53 56 10 43 66 40 25 13 14 57 59 62 30 48 27 0 49 67 15 63 16 1 69 28 70 71 6 7 8 29 17 19 31 32 34 

10 4 9 51 71 33 59 72 28 18 29 79 66 5 70 22 24 25 11 53 26 62 21 73 44 19 31 58 41 42 16 49 52 35 0 64 75 27 76 60 61 77 8 15 63 14 37 67 38 74 78 12 65 56 17 43 6 34 45 54 80 3 57 13 23 7 2 55 46 30 32 39 36 68 40 47 69 1 20 48 50 

64 80 73 29 62 56 8 9 45 53 51 74 46 1 60 30 72 79 37 2 18 5 41 3 47 81 44 0 52 4 43 12 13 21 33 22 55 58 27 31 32 66 75 54 42 34 14 6 38 70 40 7 25 77 15 48 16 49 35 23 50 28 57 20 63 39 17 59 65 67 10 68 19 11 61 36 76 78 24 69 71 26 

34 0 31 12 16 1 25 3 21 32 14 5 11 53 42 33 4 77 13 56 6 30 2 48 28 19 10 35 7 22 64 66 15 55 17 8 49 9 57 27 76 70 26 43 23 36 38 18 51 20 50 78 52 29 44 37 24 39 58 71 40 41 46 45 47 54 59 60 61 62 63 65 67 68 69 72 73 74 75 79 80 81 82 

44 45 82 3 32 41 79 18 56 68 53 21 74 4 35 17 38 75 83 30 20 57 76 80 1 54 31 5 2 33 8 6 25 81 52 59 55 15 0 58 62 39 60 61 47 72 9 63 26 24 78 22 64 10 77 23 65 28 7 48 29 11 27 12 67 40 34 73 43 13 14 36 16 66 19 37 42 46 49 50 51 69 70 71 

26 19 50 16 13 11 64 57 6 52 39 27 55 12 28 0 29 30 14 48 81 51 83 79 35 31 62 32 23 5 43 17 33 34 37 72 24 69 44 40 58 75 65 10 47 82 7 36 53 3 25 59 20 38 63 2 18 1 15 8 9 41 66 67 68 4 42 21 73 80 22 49 45 46 54 56 74 60 76 61 71 84 70 77 78 

79 60 32 12 5 4 82 20 78 26 0 54 8 10 83 1 69 16 23 39 2 9 11 33 13 51 84 3 17 18 27 52 36 80 14 55 68 15 19 28 63 40 74 56 29 24 73 57 34 70 81 58 76 6 21 30 22 75 85 7 25 31 35 41 53 77 47 37 64 38 71 72 59 48 42 43 44 45 46 49 61 50 62 65 66 67 

4 28 53 68 75 33 66 63 62 67 11 47 22 69 12 19 39 26 60 44 25 8 14 70 41 46 34 80 6 35 9 20 54 23 21 43 65 57 72 5 64 24 17 7 30 48 50 31 71 49 37 83 38 10 55 84 78 15 27 13 40 58 59 81 85 32 79 16 86 18 29 45 73 36 2 3 42 74 51 52 82 56 61 76 77 0 1 

24 56 62 19 76 39 20 40 64 30 73 25 61 21 22 34 8 60 36 26 58 14 55 46 72 41 2 31 27 68 57 32 83 48 15 63 86 49 23 47 42 84 53 43 85 59 33 50 67 28 65 66 74 7 69 18 70 51 44 29 35 37 10 71 38 4 45 75 77 11 52 54 78 79 80 81 82 87 0 1 3 5 6 9 12 13 16 17 

32 18 68 36 69 12 70 43 2 40 49 80 38 3 57 24 54 61 51 26 4 52 17 59 87 15 85 19 44 58 55 53 73 20 82 21 41 74 11 22 1 33 75 72 45 56 42 34 7 46 9 8 62 27 5 47 79 48 23 6 10 50 16 76 71 78 35 25 63 60 64 77 81 65 28 29 30 31 83 37 84 13 39 14 66 67 86 88 0 

19 80 40 41 5 60 51 86 57 25 24 4 59 85 68 83 15 38 42 17 43 70 23 39 81 44 34 53 82 72 73 87 78 50 27 52 79 54 31 32 14 55 56 28 58 61 69 84 88 26 71 62 63 65 74 46 64 77 66 6 45 89 0 67 18 9 75 20 3 16 21 22 29 35 76 7 1 2 30 47 8 33 36 10 37 48 49 11 12 13 

59 56 1 30 57 18 13 54 50 64 74 78 0 44 83 51 34 62 19 33 36 37 9 48 15 63 23 20 61 45 46 79 55 85 87 24 21 26 84 2 35 22 47 86 49 82 25 52 66 10 73 53 65 17 80 67 88 58 81 27 60 68 69 89 72 38 90 28 77 70 3 4 71 75 5 76 6 7 29 8 11 12 14 16 31 39 32 40 41 42 43 

73 71 51 52 86 62 7 8 20 3 74 53 14 33 55 37 72 54 19 79 15 88 28 75 46 29 56 61 30 36 45 49 65 63 78 80 57 84 81 40 77 58 60 47 38 82 34 16 31 44 59 32 1 11 64 35 39 83 41 85 87 42 89 66 43 90 48 4 91 5 0 50 67 68 2 6 69 9 70 76 10 12 13 26 17 18 21 22 23 24 25 27 

64 11 82 0 10 9 74 89 37 15 26 54 3 16 12 43 14 28 47 84 49 90 75 55 57 13 71 70 76 31 72 34 91 87 17 73 5 1 88 58 38 45 48 7 92 56 27 50 42 46 77 51 4 78 39 79 86 23 18 22 60 68 40 2 29 24 80 81 19 66 6 69 83 25 52 41 8 20 85 21 30 32 53 33 59 35 36 44 61 62 63 65 67 

40 11 56 52 4 53 65 85 0 23 33 46 30 81 79 57 31 12 48 41 32 1 17 90 2 66 92 3 83 13 34 86 67 72 73 5 89 42 74 19 82 28 54 84 29 15 59 35 55 18 36 93 44 58 80 26 91 68 87 24 7 64 71 6 51 47 16 37 25 38 20 77 39 43 8 45 49 50 14 60 63 9 78 21 22 88 61 62 69 10 70 27 75 76 

63 67 17 3 86 66 71 42 44 33 88 60 91 61 81 62 45 43 11 16 46 12 82 57 83 89 22 40 18 65 72 19 4 69 13 29 54 90 85 64 76 55 35 7 80 10 41 5 14 26 47 92 50 48 23 20 37 15 75 38 39 1 74 84 6 21 8 68 51 87 24 36 34 25 93 27 70 9 28 49 94 77 58 30 73 31 32 52 53 2 56 59 0 78 79 

55 54 76 13 88 27 14 44 45 65 75 24 35 19 15 16 68 34 29 71 25 17 47 36 93 46 92 10 9 86 51 18 20 67 7 6 62 48 49 8 30 66 3 2 77 89 31 52 39 21 94 69 57 26 91 23 50 74 11 0 56 70 28 32 83 33 73 79 22 95 58 1 4 59 72 78 12 37 80 81 60 38 40 41 42 43 53 61 82 63 64 84 85 87 90 5 

58 81 30 43 5 6 69 29 57 21 93 86 22 38 11 17 33 68 54 91 7 45 34 10 8 61 88 35 79 60 46 64 84 0 65 82 49 4 89 70 67 23 59 62 66 63 76 71 77 1 78 41 72 73 90 12 74 18 75 80 31 42 9 24 2 44 16 32 55 19 48 13 83 47 94 14 15 85 87 20 25 92 36 37 39 95 96 3 26 50 27 51 40 28 52 53 56 

51 74 50 75 87 95 17 54 82 81 0 92 13 93 84 47 38 77 58 16 83 85 52 72 5 44 62 96 86 88 78 3 89 60 71 45 76 59 36 79 56 80 94 97 67 9 1 63 61 90 68 43 91 46 57 37 53 8 39 35 48 10 23 55 2 4 30 25 6 49 14 7 64 65 15 66 11 24 73 69 12 70 18 19 40 20 21 41 29 22 42 26 27 28 31 32 33 34 

74 84 16 75 43 2 4 0 51 37 55 49 88 95 97 20 59 23 34 39 63 76 47 73 25 40 36 87 64 3 96 35 83 56 30 92 77 90 86 78 5 6 41 29 42 57 93 22 89 7 85 91 8 58 10 60 65 19 44 26 98 13 54 80 31 94 61 21 45 24 1 9 48 38 11 33 17 18 69 46 12 50 27 14 81 68 28 62 15 66 32 52 53 67 70 71 72 79 82 

33 19 48 34 90 16 69 3 76 11 5 83 12 85 1 60 30 24 84 95 41 92 93 35 94 44 63 18 64 82 27 40 97 86 38 62 17 47 45 81 91 9 39 36 50 43 29 87 37 10 42 96 61 49 80 98 73 28 88 46 57 51 89 23 31 99 52 53 65 0 66 67 2 4 55 56 6 15 32 58 20 21 7 25 54 59 8 13 74 68 79 14 70 71 72 75 22 26 77 78 

853 583 908 639 724 996 669 361 317 943 758 544 20 655 910 275 575 162 811 198 380 708 778 579 33 535 830 273 142 10 467 818 751 34 240 298 231 335 430 322 631 35 709 962 129 729 601 787 143 363 323 476 560 462 181 318 356 614 241 469 194 677 336 865 587 500 407 379 238 306 549 310 749 447 212 752 51 550 769 191 576 791 784 132 61 989 960 214 260 698 925 486 104 405 127 245 684 365 578 215 977 527 389 431 324 147 131 845 433 199 242 458 144 15 739 445 67 921 688 754 285 145 390 651 536 342 551 574 59 477 343 933 357 997 872 531 888 866 166 421 53 552 36 98 107 704 623 138 821 886 850 18 169 64 227 12 949 508 689 350 699 961 448 362 179 311 369 95 972 780 164 882 875 89 434 950 929 832 153 325 312 32 163 772 463 720 110 177 682 216 577 759 835 452 958 650 424 139 568 159 319 248 946 167 305 553 196 613 740 571 373 417 276 55 112 829 501 220 592 725 498 598 120 364 734 257 320 94 97 416 813 743 755 90 180 890 136 965 316 37 564 345 863 503 21 205 217 178 277 16 175 701 58 773 873 188 475 941 824 668 146 793 410 307 176 919 785 825 678 554 922 722 788 580 604 656 558 786 514 387 674 693 182 700 834 82 148 719 243 842 17 767 936 808 419 715 170 38 374 200 590 967 748 118 394 588 7 723 555 637 762 771 602 581 864 22 978 979 990 261 616 8 468 652 809 309 401 244 764 347 229 344 893 418 721 615 449 206 599 62 603 113 879 833 479 635 402 420 617 11 487 222 381 63 489 99 189 607 657 68 797 878 313 155 683 149 121 702 326 509 874 738 314 45 87 470 621 154 52 907 91 422 930 781 315 493 246 770 768 876 423 826 429 286 806 913 30 783 870 774 218 281 790 671 697 187 294 453 998 775 183 201 653 851 328 439 499 868 789 776 247 271 534 640 278 957 703 896 569 44 395 92 349 625 459 249 409 660 190 679 862 250 556 174 73 694 760 991 628 481 471 927 165 321 106 202 672 150 915 366 287 302 593 333 516 251 451 883 262 880 559 680 782 582 392 940 726 510 75 355 827 912 327 279 252 19 618 358 561 667 432 354 992 529 406 377 308 945 297 48 584 465 346 918 517 920 733 9 585 83 461 843 456 29 792 253 906 184 14 716 518 630 999 803 985 84 473 645 622 718 632 254 891 654 892 337 299 756 586 23 658 600 329 280 450 898 382 65 192 511 288 794 404 735 846 523 425 877 408 646 931 122 506 472 367 685 951 687 993 916 330 546 435 426 60 542 624 140 796 817 904 963 994 123 137 608 942 488 838 400 133 141 795 237 351 543 659 681 884 130 605 889 947 521 638 964 115 995 519 185 857 831 255 765 270 973 108 706 283 968 436 105 867 440 109 861 111 28 484 520 606 594 707 917 537 691 74 239 966 331 221 980 939 633 538 745 836 1000 710 256 730 982 454 661 151 396 662 339 27 13 612 193 711 411 258 412 557 695 798 441 388 168 712 619 263 195 442 353 397 455 512 727 856 595 348 562 522 474 393 596 609 359 563 152 413 728 171 156 414 197 268 203 610 403 204 360 620 869 383 948 157 437 547 415 368 532 72 597 259 507 923 828 186 959 642 114 565 158 513 766 814 627 0 894 746 984 937 644 974 504 427 810 611 626 264 502 490 649 116 731 675 629 819 384 750 376 952 935 589 265 269 160 428 986 39 673 266 438 161 457 566 332 207 391 540 987 460 267 1 713 634 744 686 663 208 334 352 524 443 895 398 213 777 905 209 223 969 478 444 85 338 670 741 970 591 340 272 210 211 636 219 2 446 370 732 46 881 69 690 696 24 981 274 371 823 909 224 736 847 714 172 839 525 799 464 225 173 641 971 837 372 93 378 295 975 134 976 956 226 983 341 705 848 692 812 840 282 924 228 385 567 135 548 717 375 643 466 25 482 647 572 230 284 988 570 648 232 761 26 841 844 737 233 303 480 800 664 289 399 234 932 676 88 235 897 742 815 483 854 77 300 386 485 236 290 665 491 492 494 291 753 573 6 666 495 747 496 757 497 505 899 40 515 526 528 530 763 3 533 871 31 855 539 292 541 801 545 779 802 804 900 805 807 816 293 296 301 820 49 822 304 849 852 885 858 859 860 4 41 887 901 902 903 42 911 914 926 928 934 938 944 5 953 954 43 955 86 56 47 50 54 57 66 70 71 76 78 79 80 81 96 100 101 102 103 117 119 124 125 126 128 